01001100000000110000000010000000
01100100011000110000000000010000
01001100011000110000000010000000
01000100011001001111111101111111 
00001000000001000000000010000000 

00010000000000010000000010000000 
01101100001000010000000000001000 
01000100001000010000000000011111 

01001100000000100000000000100000 
00000000010000010001000000000001 
00000100001000010000000000000001


00001000000000110000000010000000
00001100001000010000000000000001 
10101011111111111111111111111110

00001000000001000000000010000000
00001100010000100000000000000001 
10101011111111111111111111111110


11101000000000000000000000000101 
