00000100000000010000000000010100  
01100100001000100000000000011101  
00001100010000110000000000000001  
00000000000000000010000000000000 	

00010000100001010000000000000000 	
00000000101000110011000000000011 	
00000000010001010011100000000011 	

00000000000001100011000000000001 	
00000000000001110011100000000001 	

00000000101000110100000000000001   	
00000000101000100100100000000001   	

00000001000001100100000000001000	
00000001001001110100100000001000	

00000001000000110001100000000000
00000001001000100001000000000000

00000100100001000000000000000001	
00001100001000010000000000000001  
10101011111111111111111111110010

00000000010000110010000000000100
00000000010000110010100000000110





00001000000001000000000000010101
00001000000001010000000000010110 




00000001000010000100000000001011 
01001101000010000000000000010101 
01111101000010000000000000000001 
01110101000010000000000000011111 
01101101000010000000000000000001 
01101101000010010000000000011101 
00000001000010010101000000000111 
00000001000010010101100000000101 

00001000000010110000000010000000 

11101000000000000000000000011111 
